Woods
-1	-1	140
0
20	20
e006	e006	e006	e006	e006	e006	e006	e006	e006	e006	e006	e006	e006	e006	e006	e006	e006	e006	e006	e006	
e006	0	0	0	0	0	0	0	0	0	0	0	0	0	0	0	0	0	0	e006	
e006	0	0	0	0	0	0	0	0	0	0	0	0	0	0	1186c03	0	0	0	e006	
e006	0	0	0	0	0	0	0	0	0	0	0	0	0	0	0	0	0	0	e006	
e006	0	0	0	0	0	0	0	0	0	0	0	0	0	0	0	1186c03	0	0	e006	
e006	0	0	1106804	1106804	1106804	0	0	0	0	0	0	0	0	0	1186c03	0	0	0	e006	
e006	0	0	1106804	1106804	1106804	0	0	0	0	0	0	0	0	0	0	0	1186c03	0	e006	
e006	0	0	0	0	0	0	0	0	0	0	0	0	0	0	0	0	0	0	e006	
0	0	0	0	0	0	0	0	0	0	0	0	0	0	0	0	0	0	0	e006	
0	0	0	0	0	0	0	0	0	0	0	0	0	0	0	0	0	0	0	e006	
0	0	0	0	0	0	0	0	0	0	0	0	0	0	0	1186c03	0	0	0	e006	
0	0	0	0	0	0	0	0	0	0	0	0	0	0	0	0	0	0	0	e006	
e006	0	0	0	0	0	0	0	0	0	0	0	0	0	0	1186c03	0	0	0	e006	
e006	0	0	1186c03	1186c03	1186c03	0	0	0	0	0	0	0	0	0	1186c03	0	0	0	e006	
e006	0	0	1186c03	1186c03	1186c03	0	0	0	0	0	0	0	0	0	0	1186c03	0	0	e006	
e006	0	0	0	0	0	0	0	0	0	0	0	0	0	0	0	0	1186c03	0	e006	
e006	0	0	0	0	0	0	0	0	0	0	0	0	0	0	0	0	0	0	e006	
e006	0	0	0	0	0	0	0	0	0	0	0	0	0	0	0	1186c03	0	0	e006	
e006	0	0	0	0	0	0	0	0	0	0	0	0	0	0	0	0	0	0	e006	
e006	e006	e006	e006	e006	e006	e006	e006	e006	e006	e006	e006	e006	e006	e006	e006	e006	e006	e006	e006	